3132206615
5838672524
02219948078
08125064435
11252447362
10496990044
18462963564
15557683436
17612926181
20593601086
23012473617
25117408674
23557969497
25918007526
36494267334
49537142396
46747107773
56200800622
64040834357
61181727725
68279163779
63781598012
72402148265
74507133206
77086341497
81855275033
84453209149
94451614298
93681373975
95784308916
97952613381
007439779968
012032717891
009054940059
022137886853
018383841806
019513047108
024523036098
031128058161
027820031181
032470181902
031927457233
054338836285
052778557066
060538563513
058983314123
069308847315
073036576489
071662218996
076975810773
078884898230
087322992212
087667488092
093160251417
101084860869
100614066167
097665095343
110353961036
115292672444
113397609427
119563445630
122113955543
132454052412
134551029471
136351296346
142787332055
140988582430
145503384190
144682349036
146800383089
150953234913
158171563193
151741847795
157301526576
158434879313
155501799241
155555248869
163044569060
165141512003
165404808283
182293283158
183949390984
185895040715
193144382907
195098052796
196519220107
203092862482
210054317342
209323734415
222214323637
218568884038
224311358654
235092788423
234313745585
237692537314
243244493007
242480944321
243701989287
241983943238
247541657753
246619531807
252193592858
260387077705
263606205194
268373084225
273604618245
275701663226
278634983374
285655559169
286359151322
288271272893
292487423955
294582458936
295603495890
299924106744
304232907857
314775000906
323168196473
321768329344
323967599721
329745071896
334337696895
340738499574
342138626243
342937229111
344832252172
357567399992
371020574862
370378612736
382478246966
383720120632
393267827763
395627546580
400553811042
403597779453
405492702430
400819104190
410014116113
409363535644
406991705529
413595364782
419361128595
418836641993
422254122466
426099886568
424351159405
425806630803
430456780080
432713825537
433955787199
444080624393
443204692256
448234909367
452187242021
447501456502
454082239042
456682086775
464496563828
468333285074
467995564931
473301903294
473644419014
